image: hallway_map_5-1-22-4.pgm
resolution: 0.050000
origin: [-16.929430, -13.580496, 0.000000]
negate: 0
occupied_thresh: 0.65
free_thresh: 0.196

