image: loop_test_5-2-22-6.pgm
resolution: 0.050000
origin: [-15.288908, -11.487325, 0.000000]
negate: 0
occupied_thresh: 0.65
free_thresh: 0.196

