image: map1.pgm
resolution: 0.050000
origin: [-4.988530, -2.018527, 0.000000]
negate: 0
occupied_thresh: 0.65
free_thresh: 0.196

