image: map3-17-1.pgm
resolution: 0.050000
origin: [-2.910064, -1.774277, 0.000000]
negate: 0
occupied_thresh: 0.65
free_thresh: 0.196

