image: map_4-21-22_3.pgm
resolution: 0.050000
origin: [-2.100000, -6.240442, 0.000000]
negate: 0
occupied_thresh: 0.65
free_thresh: 0.196

